{
	"class_name" : "PoseGraph",
	"edges" : 
	[
		{
			"class_name" : "PoseGraphEdge",
			"confidence" : 1.0,
			"information" : 
			[
				12461.467937548769,
				-69.240543035056746,
				28.617143316247226,
				0.0,
				-6431.9009767833195,
				-725.25050994577191,
				-69.240543035056746,
				13826.315511756191,
				1455.3578659195205,
				6431.9009767833195,
				0.0,
				-45.96210661223143,
				28.617143316247226,
				1455.3578659195205,
				4002.9423948287258,
				725.25050994577191,
				45.96210661223143,
				0.0,
				0.0,
				6431.9009767833195,
				725.25050994577191,
				3859.0,
				0.0,
				0.0,
				-6431.9009767833195,
				0.0,
				45.96210661223143,
				0.0,
				3859.0,
				0.0,
				-725.25050994577191,
				-45.96210661223143,
				0.0,
				0.0,
				0.0,
				3859.0
			],
			"source_node_id" : 0,
			"target_node_id" : 1,
			"transformation" : 
			[
				0.99876165195568423,
				0.044834954333857639,
				-0.02156361408999297,
				0.0,
				-0.043817465295539246,
				0.99800083647633619,
				0.045545143842112938,
				0.0,
				0.023562519343556122,
				-0.044543880190273555,
				0.99872951814781641,
				0.0,
				0.12296688819098879,
				-0.057435301067900381,
				0.010409981746730896,
				1.0
			],
			"uncertain" : false,
			"version_major" : 1,
			"version_minor" : 0
		},
		{
			"class_name" : "PoseGraphEdge",
			"confidence" : 0.91965110547769702,
			"information" : 
			[
				10505.923522721661,
				-85.167189907290222,
				-2503.5210044700671,
				0.0,
				-6092.0542224040573,
				63.621095559473893,
				-85.167189907290222,
				13203.725658150426,
				515.06827307533308,
				6092.0542224040573,
				0.0,
				-3586.7360857302024,
				-2503.5210044700671,
				515.06827307533308,
				6425.4100407371425,
				-63.621095559473893,
				3586.7360857302024,
				0.0,
				0.0,
				6092.0542224040573,
				-63.621095559473893,
				5510.0,
				0.0,
				0.0,
				-6092.0542224040573,
				0.0,
				3586.7360857302024,
				0.0,
				5510.0,
				0.0,
				63.621095559473893,
				-3586.7360857302024,
				0.0,
				0.0,
				0.0,
				5510.0
			],
			"source_node_id" : 0,
			"target_node_id" : 2,
			"transformation" : 
			[
				0.71458870472290026,
				0.23858056372565689,
				-0.6576034501846808,
				0.0,
				-0.17117539128613984,
				0.97110241636089079,
				0.16631019919438655,
				0.0,
				0.67827868055872487,
				-0.0062778619280459136,
				0.73477793920961465,
				0.0,
				-0.34633331395019473,
				0.1546989059791965,
				-0.23502811629647435,
				1.0
			],
			"uncertain" : true,
			"version_major" : 1,
			"version_minor" : 0
		},
		{
			"class_name" : "PoseGraphEdge",
			"confidence" : 0.86547581564819953,
			"information" : 
			[
				13522.373718016579,
				873.04648674755117,
				-2655.4144408848974,
				0.0,
				-7246.5125891544349,
				-1685.2751802353812,
				873.04648674755117,
				14954.763163536241,
				2838.1371787663666,
				7246.5125891544349,
				0.0,
				-1354.5916181939538,
				-2655.4144408848974,
				2838.1371787663666,
				5280.6149296395733,
				1685.2751802353812,
				1354.5916181939538,
				0.0,
				0.0,
				7246.5125891544349,
				1685.2751802353812,
				4793.0,
				0.0,
				0.0,
				-7246.5125891544349,
				0.0,
				1354.5916181939538,
				0.0,
				4793.0,
				0.0,
				-1685.2751802353812,
				-1354.5916181939538,
				0.0,
				0.0,
				0.0,
				4793.0
			],
			"source_node_id" : 0,
			"target_node_id" : 3,
			"transformation" : 
			[
				0.93217069633292293,
				-0.18381022963070212,
				0.31188394056331598,
				0.0,
				0.1093064641559868,
				0.96420948675878815,
				0.2415619227818622,
				0.0,
				-0.34512300675543134,
				-0.19108601499707617,
				0.91889947495938218,
				0.0,
				0.93869577559618855,
				-0.058445962617007977,
				0.028753214255050397,
				1.0
			],
			"uncertain" : true,
			"version_major" : 1,
			"version_minor" : 0
		},
		{
			"class_name" : "PoseGraphEdge",
			"confidence" : 0.92100514963560842,
			"information" : 
			[
				15993.713502484388,
				721.57961865729339,
				-1809.4720663346109,
				0.0,
				-8852.323946653747,
				-1660.9794519095651,
				721.57961865729339,
				18102.089251106878,
				2638.4970441964119,
				8852.323946653747,
				0.0,
				-1268.8777113786955,
				-1809.4720663346109,
				2638.4970441964119,
				7233.06276710357,
				1660.9794519095651,
				1268.8777113786955,
				0.0,
				0.0,
				8852.323946653747,
				1660.9794519095651,
				6087.0,
				0.0,
				0.0,
				-8852.323946653747,
				0.0,
				1268.8777113786955,
				0.0,
				6087.0,
				0.0,
				-1660.9794519095651,
				-1268.8777113786955,
				0.0,
				0.0,
				0.0,
				6087.0
			],
			"source_node_id" : 0,
			"target_node_id" : 4,
			"transformation" : 
			[
				0.99616028009557511,
				-0.068079072963395326,
				0.055044856111638632,
				0.0,
				0.057912664060190522,
				0.98393627227834657,
				0.16886543588444486,
				0.0,
				-0.065656832861156367,
				-0.16502924564887497,
				0.98410087307105187,
				0.0,
				0.33264121815145964,
				0.091794688292058835,
				-0.15953315813152646,
				1.0
			],
			"uncertain" : true,
			"version_major" : 1,
			"version_minor" : 0
		},
		{
			"class_name" : "PoseGraphEdge",
			"confidence" : 0.98373594336453174,
			"information" : 
			[
				18141.848610979396,
				-1496.2725306830646,
				4733.5687674108367,
				0.0,
				-8991.6478554091245,
				-3142.2443977601279,
				-1496.2725306830646,
				20177.681145676968,
				4933.9881411548558,
				8991.6478554091245,
				0.0,
				2879.0466760730596,
				4733.5687674108367,
				4933.9881411548558,
				9569.3007519584389,
				3142.2443977601279,
				-2879.0466760730596,
				0.0,
				0.0,
				8991.6478554091245,
				3142.2443977601279,
				5841.0,
				0.0,
				0.0,
				-8991.6478554091245,
				0.0,
				-2879.0466760730596,
				0.0,
				5841.0,
				0.0,
				-3142.2443977601279,
				2879.0466760730596,
				0.0,
				0.0,
				0.0,
				5841.0
			],
			"source_node_id" : 0,
			"target_node_id" : 5,
			"transformation" : 
			[
				0.99914913200293176,
				0.02338213939569482,
				-0.033974807947486987,
				0.0,
				-0.014644098252301035,
				0.97121623773375476,
				0.23774896413795213,
				0.0,
				0.038555964573140686,
				-0.23704914072734484,
				0.97073227126549344,
				0.0,
				-0.53303544985861462,
				-0.035224147698473818,
				-0.025459808946003637,
				1.0
			],
			"uncertain" : true,
			"version_major" : 1,
			"version_minor" : 0
		},
		{
			"class_name" : "PoseGraphEdge",
			"confidence" : 0.9212902689083321,
			"information" : 
			[
				22608.307636536578,
				598.69753970501438,
				3365.4948665319243,
				0.0,
				-10248.781439769227,
				1445.5621275413132,
				598.69753970501438,
				24105.253414567243,
				-2142.6295702563584,
				10248.781439769227,
				0.0,
				1139.7838772528009,
				3365.4948665319243,
				-2142.6295702563584,
				5706.1864204825606,
				-1445.5621275413132,
				-1139.7838772528009,
				0.0,
				0.0,
				10248.781439769227,
				-1445.5621275413132,
				5481.0,
				0.0,
				0.0,
				-10248.781439769227,
				0.0,
				-1139.7838772528009,
				0.0,
				5481.0,
				0.0,
				1445.5621275413132,
				1139.7838772528009,
				0.0,
				0.0,
				0.0,
				5481.0
			],
			"source_node_id" : 0,
			"target_node_id" : 6,
			"transformation" : 
			[
				0.90608369523266497,
				0.042251669271027248,
				-0.42098353136118094,
				0.0,
				-0.10128860828154979,
				0.98772987730668782,
				-0.11887096915606453,
				0.0,
				0.41079551490480698,
				0.15034788298984125,
				0.89924554989978545,
				0.0,
				-0.91414184734050008,
				0.13721839270720615,
				0.41316899031701682,
				1.0
			],
			"uncertain" : true,
			"version_major" : 1,
			"version_minor" : 0
		},
		{
			"class_name" : "PoseGraphEdge",
			"confidence" : 0.93056919795486859,
			"information" : 
			[
				23479.828954857505,
				-234.65877071217497,
				3277.7329685354139,
				0.0,
				-10932.502170205922,
				-1846.1210509131417,
				-234.65877071217497,
				25069.488626304734,
				3627.5754592341236,
				10932.502170205922,
				0.0,
				1159.5446823864754,
				3277.7329685354139,
				3627.5754592341236,
				6771.2113260660008,
				1846.1210509131417,
				-1159.5446823864754,
				0.0,
				0.0,
				10932.502170205922,
				1846.1210509131417,
				6002.0,
				0.0,
				0.0,
				-10932.502170205922,
				0.0,
				-1159.5446823864754,
				0.0,
				6002.0,
				0.0,
				-1846.1210509131417,
				1159.5446823864754,
				0.0,
				0.0,
				0.0,
				6002.0
			],
			"source_node_id" : 0,
			"target_node_id" : 7,
			"transformation" : 
			[
				0.95722444037283794,
				0.01890132232212248,
				-0.28872843775316354,
				0.0,
				0.014712941602352883,
				0.99339364092653981,
				0.1138095053856181,
				0.0,
				0.28897214416326178,
				-0.11318928474545864,
				0.95062257795431004,
				0.0,
				-0.65725740414569955,
				-0.0062205173932784463,
				0.26603157059856097,
				1.0
			],
			"uncertain" : true,
			"version_major" : 1,
			"version_minor" : 0
		},
		{
			"class_name" : "PoseGraphEdge",
			"confidence" : 0.98017806213017999,
			"information" : 
			[
				9237.6833610095982,
				135.0636094056967,
				1835.2457732973992,
				0.0,
				-5360.257001761709,
				134.59974585813728,
				135.0636094056967,
				9891.1739685409884,
				170.94767111803151,
				5360.257001761709,
				0.0,
				1657.2060822431602,
				1835.2457732973992,
				170.94767111803151,
				3454.7967461076623,
				-134.59974585813728,
				-1657.2060822431602,
				0.0,
				0.0,
				5360.257001761709,
				-134.59974585813728,
				3952.0,
				0.0,
				0.0,
				-5360.257001761709,
				0.0,
				-1657.2060822431602,
				0.0,
				3952.0,
				0.0,
				134.59974585813728,
				1657.2060822431602,
				0.0,
				0.0,
				0.0,
				3952.0
			],
			"source_node_id" : 0,
			"target_node_id" : 8,
			"transformation" : 
			[
				0.82007537226497018,
				-0.26702903195291638,
				0.50613425086508257,
				0.0,
				0.23385684769568441,
				0.96361146939219477,
				0.12947552217177088,
				0.0,
				-0.52229049253294668,
				0.01218327337390851,
				0.85268060213633845,
				0.0,
				0.10279202572865187,
				0.24170143399099292,
				-0.23270435324281125,
				1.0
			],
			"uncertain" : true,
			"version_major" : 1,
			"version_minor" : 0
		},
		{
			"class_name" : "PoseGraphEdge",
			"confidence" : 0.97218734927468131,
			"information" : 
			[
				16325.17352248124,
				-1277.4499172172691,
				6869.5981027804055,
				0.0,
				-8422.3322017187984,
				-2021.3469449440427,
				-1277.4499172172691,
				20159.79869749703,
				3219.8552089545501,
				8422.3322017187984,
				0.0,
				4148.2498274585141,
				6869.5981027804055,
				3219.8552089545501,
				8928.0204249347444,
				2021.3469449440427,
				-4148.2498274585141,
				0.0,
				0.0,
				8422.3322017187984,
				2021.3469449440427,
				5338.0,
				0.0,
				0.0,
				-8422.3322017187984,
				0.0,
				-4148.2498274585141,
				0.0,
				5338.0,
				0.0,
				-2021.3469449440427,
				4148.2498274585141,
				0.0,
				0.0,
				0.0,
				5338.0
			],
			"source_node_id" : 0,
			"target_node_id" : 9,
			"transformation" : 
			[
				0.99293967996788324,
				-0.11845738640474077,
				0.0062160720261854596,
				0.0,
				0.11241193016774084,
				0.95640872538432187,
				0.26952904846175485,
				0.0,
				-0.037872812164397474,
				-0.26692732646713796,
				0.96297219714998306,
				0.0,
				-0.85042218449788543,
				0.18011136577207199,
				-0.0075710044865122672,
				1.0
			],
			"uncertain" : true,
			"version_major" : 1,
			"version_minor" : 0
		},
		{
			"class_name" : "PoseGraphEdge",
			"confidence" : 0.91362500716706052,
			"information" : 
			[
				18304.745931773658,
				-243.93335296695491,
				8539.9739111675135,
				0.0,
				-8970.6987770582055,
				-748.65676033541115,
				-243.93335296695491,
				25069.728656114887,
				2082.2049240690126,
				8970.6987770582055,
				0.0,
				5738.434698001508,
				8539.9739111675135,
				2082.2049240690126,
				10723.887938679558,
				748.65676033541115,
				-5738.434698001508,
				0.0,
				0.0,
				8970.6987770582055,
				748.65676033541115,
				5346.0,
				0.0,
				0.0,
				-8970.6987770582055,
				0.0,
				-5738.434698001508,
				0.0,
				5346.0,
				0.0,
				-748.65676033541115,
				5738.434698001508,
				0.0,
				0.0,
				0.0,
				5346.0
			],
			"source_node_id" : 0,
			"target_node_id" : 10,
			"transformation" : 
			[
				0.72588865355982524,
				-0.43665942877375774,
				0.53142657620416334,
				0.0,
				0.3867044191224473,
				0.89804709215338041,
				0.20969290046644173,
				0.0,
				-0.56881047358876435,
				0.053291308276622026,
				0.82074032531482954,
				0.0,
				-0.1264363739003026,
				-0.22838119934112289,
				0.3342964266320092,
				1.0
			],
			"uncertain" : true,
			"version_major" : 1,
			"version_minor" : 0
		},
		{
			"class_name" : "PoseGraphEdge",
			"confidence" : 0.67704107523252854,
			"information" : 
			[
				24875.933139666635,
				-1052.5995478550053,
				4633.6542006747804,
				0.0,
				-9452.9858911580832,
				-3784.9025063063373,
				-1052.5995478550053,
				24094.189030833302,
				8100.8162788346726,
				9452.9858911580832,
				0.0,
				2298.1249816587338,
				4633.6542006747804,
				8100.8162788346726,
				8612.7721022847982,
				3784.9025063063373,
				-2298.1249816587338,
				0.0,
				0.0,
				9452.9858911580832,
				3784.9025063063373,
				4531.0,
				0.0,
				0.0,
				-9452.9858911580832,
				0.0,
				-2298.1249816587338,
				0.0,
				4531.0,
				0.0,
				-3784.9025063063373,
				2298.1249816587338,
				0.0,
				0.0,
				0.0,
				4531.0
			],
			"source_node_id" : 0,
			"target_node_id" : 11,
			"transformation" : 
			[
				0.94355071679804969,
				-0.27936419505410359,
				0.17795418329350646,
				0.0,
				0.20966417854083175,
				0.91966112129766664,
				0.33206076885160085,
				0.0,
				-0.256423433146591,
				-0.27600555881230199,
				0.92631957468145076,
				0.0,
				-0.21148624744320171,
				-0.44260636585160068,
				0.54362051212994622,
				1.0
			],
			"uncertain" : true,
			"version_major" : 1,
			"version_minor" : 0
		},
		{
			"class_name" : "PoseGraphEdge",
			"confidence" : 0.86937620330432896,
			"information" : 
			[
				7800.7700107678766,
				-1927.3331136148952,
				6371.7859799817243,
				0.0,
				-3834.7346045837603,
				-1263.8442918380063,
				-1927.3331136148952,
				13924.239256748249,
				2091.0959480420211,
				3834.7346045837603,
				0.0,
				3779.4666516517477,
				6371.7859799817243,
				2091.0959480420211,
				8960.4490189967837,
				1263.8442918380063,
				-3779.4666516517477,
				0.0,
				0.0,
				3834.7346045837603,
				1263.8442918380063,
				2367.0,
				0.0,
				0.0,
				-3834.7346045837603,
				0.0,
				-3779.4666516517477,
				0.0,
				2367.0,
				0.0,
				-1263.8442918380063,
				3779.4666516517477,
				0.0,
				0.0,
				0.0,
				2367.0
			],
			"source_node_id" : 0,
			"target_node_id" : 18,
			"transformation" : 
			[
				0.99549316017327372,
				-0.00091920719367136064,
				-0.094828914927697947,
				0.0,
				0.026028850734407614,
				0.96419908824175582,
				0.26389887677520191,
				0.0,
				0.091191375566307825,
				-0.26517781447908184,
				0.95987752329681197,
				0.0,
				-2.1614256984760734,
				0.03440683172585135,
				0.14451688967589615,
				1.0
			],
			"uncertain" : true,
			"version_major" : 1,
			"version_minor" : 0
		},
		{
			"class_name" : "PoseGraphEdge",
			"confidence" : 0.98677224014123932,
			"information" : 
			[
				9114.5484752367684,
				-176.98448634183367,
				8026.9612273934199,
				0.0,
				-4569.3444702214474,
				-202.24578930925395,
				-176.98448634183367,
				16617.627201345455,
				358.85708783714153,
				4569.3444702214474,
				0.0,
				4538.2771791582672,
				8026.9612273934199,
				358.85708783714153,
				9331.2150435972126,
				202.24578930925395,
				-4538.2771791582672,
				0.0,
				0.0,
				4569.3444702214474,
				202.24578930925395,
				2623.0,
				0.0,
				0.0,
				-4569.3444702214474,
				0.0,
				-4538.2771791582672,
				0.0,
				2623.0,
				0.0,
				-202.24578930925395,
				4538.2771791582672,
				0.0,
				0.0,
				0.0,
				2623.0
			],
			"source_node_id" : 0,
			"target_node_id" : 19,
			"transformation" : 
			[
				0.99634802445682269,
				-0.081383778175752319,
				0.025832050070146578,
				0.0,
				0.076256998846813084,
				0.98423529493616568,
				0.15957993084594635,
				0.0,
				-0.038412033112864702,
				-0.15702727422890533,
				0.98684697438882463,
				0.0,
				-2.43290947058503,
				0.32139092035133537,
				0.10351303404797974,
				1.0
			],
			"uncertain" : true,
			"version_major" : 1,
			"version_minor" : 0
		},
		{
			"class_name" : "PoseGraphEdge",
			"confidence" : 0.5892415122765543,
			"information" : 
			[
				7811.5339162588161,
				-127.8518181935314,
				3332.8758602303883,
				0.0,
				-4082.5622369541425,
				-209.60344654727493,
				-127.8518181935314,
				9111.0759403403263,
				411.56492674434497,
				4082.5622369541425,
				0.0,
				2002.4868928563633,
				3332.8758602303883,
				411.56492674434497,
				2962.489418077339,
				209.60344654727493,
				-2002.4868928563633,
				0.0,
				0.0,
				4082.5622369541425,
				209.60344654727493,
				2457.0,
				0.0,
				0.0,
				-4082.5622369541425,
				0.0,
				-2002.4868928563633,
				0.0,
				2457.0,
				0.0,
				-209.60344654727493,
				2002.4868928563633,
				0.0,
				0.0,
				0.0,
				2457.0
			],
			"source_node_id" : 0,
			"target_node_id" : 20,
			"transformation" : 
			[
				0.86769922385524589,
				-0.38949443822792351,
				0.30885617933031267,
				0.0,
				0.346123042326205,
				0.91936366858824792,
				0.1870007605621164,
				0.0,
				-0.3567869062786016,
				-0.055358174369033036,
				0.93254414160331944,
				0.0,
				-0.86996811414610675,
				0.31261698601667576,
				-0.098720854701393357,
				1.0
			],
			"uncertain" : true,
			"version_major" : 1,
			"version_minor" : 0
		},
		{
			"class_name" : "PoseGraphEdge",
			"confidence" : 0.80509364189786292,
			"information" : 
			[
				2432.01800832754,
				-1149.145021140203,
				-2540.9417220121045,
				0.0,
				-1516.7381607936472,
				920.50848414029292,
				-1149.145021140203,
				10193.151460483356,
				-455.93555737445166,
				1516.7381607936472,
				0.0,
				-4924.3290342174132,
				-2540.9417220121045,
				-455.93555737445166,
				10000.439842893118,
				-920.50848414029292,
				4924.3290342174132,
				0.0,
				0.0,
				1516.7381607936472,
				-920.50848414029292,
				2917.0,
				0.0,
				0.0,
				-1516.7381607936472,
				0.0,
				4924.3290342174132,
				0.0,
				2917.0,
				0.0,
				920.50848414029292,
				-4924.3290342174132,
				0.0,
				0.0,
				0.0,
				2917.0
			],
			"source_node_id" : 0,
			"target_node_id" : 51,
			"transformation" : 
			[
				-0.15380038009797509,
				0.39888035956355489,
				-0.90401321994546557,
				0.0,
				-0.24845557808658228,
				0.86989242309950399,
				0.42609505741294046,
				0.0,
				0.95635520012147235,
				0.29014070894744126,
				-0.034685734994305162,
				0.0,
				-0.010430807676462095,
				0.13867576716220342,
				-0.079600523582229576,
				1.0
			],
			"uncertain" : true,
			"version_major" : 1,
			"version_minor" : 0
		},
		{
			"class_name" : "PoseGraphEdge",
			"confidence" : 0.86704893640826386,
			"information" : 
			[
				14099.148814405617,
				1375.2981559800974,
				-7289.6852560025418,
				0.0,
				-5947.7025237591806,
				-979.79788488422548,
				1375.2981559800974,
				17723.54468619647,
				2265.9545740018789,
				5947.7025237591806,
				0.0,
				-3514.148134833059,
				-7289.6852560025418,
				2265.9545740018789,
				5984.4927085161453,
				979.79788488422548,
				3514.148134833059,
				0.0,
				0.0,
				5947.7025237591806,
				979.79788488422548,
				2837.0,
				0.0,
				0.0,
				-5947.7025237591806,
				0.0,
				3514.148134833059,
				0.0,
				2837.0,
				0.0,
				-979.79788488422548,
				-3514.148134833059,
				0.0,
				0.0,
				0.0,
				2837.0
			],
			"source_node_id" : 0,
			"target_node_id" : 52,
			"transformation" : 
			[
				0.58765596029977551,
				0.3111114080016617,
				-0.74690706526004469,
				0.0,
				-0.2245516718614744,
				0.94956840478951843,
				0.21885244181800936,
				0.0,
				0.77732684180360412,
				0.039109288368777972,
				0.62788011958886125,
				0.0,
				0.41335366067012069,
				-0.20214989295587632,
				0.48353576237653417,
				1.0
			],
			"uncertain" : true,
			"version_major" : 1,
			"version_minor" : 0
		},
		{
			"class_name" : "PoseGraphEdge",
			"confidence" : 0.48384499713200713,
			"information" : 
			[
				3244.1103263563541,
				-872.01048908447865,
				-2657.0385295459646,
				0.0,
				-1474.8108255323577,
				481.41448334019344,
				-872.01048908447865,
				17109.079751804118,
				406.61545072456653,
				1474.8108255323577,
				0.0,
				-6959.4343138663653,
				-2657.0385295459646,
				406.61545072456653,
				15830.425568568442,
				-481.41448334019344,
				6959.4343138663653,
				0.0,
				0.0,
				1474.8108255323577,
				-481.41448334019344,
				3400.0,
				0.0,
				0.0,
				-1474.8108255323577,
				0.0,
				6959.4343138663653,
				0.0,
				3400.0,
				0.0,
				481.41448334019344,
				-6959.4343138663653,
				0.0,
				0.0,
				0.0,
				3400.0
			],
			"source_node_id" : 0,
			"target_node_id" : 53,
			"transformation" : 
			[
				0.1871048481277286,
				0.55323159308224168,
				-0.81174292742393783,
				0.0,
				-0.17154678486479336,
				0.83203998059452289,
				0.52752362155150745,
				0.0,
				0.96724530312100854,
				0.040549662242127651,
				0.25058381528422274,
				0.0,
				0.53982291132010118,
				0.086628704338288731,
				-0.21003145420219843,
				1.0
			],
			"uncertain" : true,
			"version_major" : 1,
			"version_minor" : 0
		},
		{
			"class_name" : "PoseGraphEdge",
			"confidence" : 0.75707893357559863,
			"information" : 
			[
				27765.853317875957,
				2524.2955875857965,
				-6629.2389526780908,
				0.0,
				-10818.635806032955,
				-4046.5028593414604,
				2524.2955875857965,
				27926.756615233015,
				8482.0761986875314,
				10818.635806032955,
				0.0,
				-3431.3889472813194,
				-6629.2389526780908,
				8482.0761986875314,
				9989.9298550821422,
				4046.5028593414604,
				3431.3889472813194,
				0.0,
				0.0,
				10818.635806032955,
				4046.5028593414604,
				5253.0,
				0.0,
				0.0,
				-10818.635806032955,
				0.0,
				3431.3889472813194,
				0.0,
				5253.0,
				0.0,
				-4046.5028593414604,
				-3431.3889472813194,
				0.0,
				0.0,
				0.0,
				5253.0
			],
			"source_node_id" : 0,
			"target_node_id" : 54,
			"transformation" : 
			[
				0.97537488690527774,
				0.092186066348058648,
				-0.20036356746122136,
				0.0,
				-0.047246080449372507,
				0.97470168085043329,
				0.21845924386372986,
				0.0,
				0.21543360433481015,
				-0.20361326704960173,
				0.95505497203286682,
				0.0,
				0.56206005791332347,
				-0.33941656188646463,
				0.40779138976473517,
				1.0
			],
			"uncertain" : true,
			"version_major" : 1,
			"version_minor" : 0
		},
		{
			"class_name" : "PoseGraphEdge",
			"confidence" : 0.95375374940226731,
			"information" : 
			[
				8463.3182277917949,
				-323.67428413472601,
				799.56760951159151,
				0.0,
				-5381.4588198676493,
				939.23195055089025,
				-323.67428413472601,
				9695.308067590091,
				-458.76991020861914,
				5381.4588198676493,
				0.0,
				-204.953282086939,
				799.56760951159151,
				-458.76991020861914,
				4791.9573077692376,
				-939.23195055089025,
				204.953282086939,
				0.0,
				0.0,
				5381.4588198676493,
				-939.23195055089025,
				5072.0,
				0.0,
				0.0,
				-5381.4588198676493,
				0.0,
				204.953282086939,
				0.0,
				5072.0,
				0.0,
				939.23195055089025,
				-204.953282086939,
				0.0,
				0.0,
				0.0,
				5072.0
			],
			"source_node_id" : 0,
			"target_node_id" : 55,
			"transformation" : 
			[
				0.92292690566208202,
				0.13750918468351747,
				-0.35957913027967586,
				0.0,
				-0.10673128251168215,
				0.98881351680881213,
				0.10419338899181604,
				0.0,
				0.36988425235257788,
				-0.057784540353477298,
				0.92727913098360637,
				0.0,
				-0.48771675196191161,
				0.35373453181965103,
				-0.45594533310256635,
				1.0
			],
			"uncertain" : true,
			"version_major" : 1,
			"version_minor" : 0
		},
		{
			"class_name" : "PoseGraphEdge",
			"confidence" : 0.87612046358606077,
			"information" : 
			[
				12838.988428933933,
				-1512.793148307579,
				4571.0595924659638,
				0.0,
				-6887.7431683903615,
				-1846.6594704259007,
				-1512.793148307579,
				15801.023210613232,
				2818.3338509618752,
				6887.7431683903615,
				0.0,
				3097.6596850500982,
				4571.0595924659638,
				2818.3338509618752,
				7424.9121844042511,
				1846.6594704259007,
				-3097.6596850500982,
				0.0,
				0.0,
				6887.7431683903615,
				1846.6594704259007,
				4650.0,
				0.0,
				0.0,
				-6887.7431683903615,
				0.0,
				-3097.6596850500982,
				0.0,
				4650.0,
				0.0,
				-1846.6594704259007,
				3097.6596850500982,
				0.0,
				0.0,
				0.0,
				4650.0
			],
			"source_node_id" : 0,
			"target_node_id" : 56,
			"transformation" : 
			[
				0.99850161743807264,
				-0.053458310297733604,
				0.011693119073412687,
				0.0,
				0.048286017071366802,
				0.96125601257599258,
				0.27139517099957405,
				0.0,
				-0.025748408279686674,
				-0.27042390306076075,
				0.96239697221284282,
				0.0,
				-0.71592672724804807,
				0.15876611177440636,
				-0.049016548583293851,
				1.0
			],
			"uncertain" : true,
			"version_major" : 1,
			"version_minor" : 0
		},
		{
			"class_name" : "PoseGraphEdge",
			"confidence" : 0.73872525021750135,
			"information" : 
			[
				32412.904522637935,
				-1387.9084259724327,
				4163.855458744878,
				0.0,
				-7580.1449439513217,
				-3262.5742326239665,
				-1387.9084259724327,
				28477.680097602704,
				11496.146029078587,
				7580.1449439513217,
				0.0,
				1101.7473116141234,
				4163.855458744878,
				11496.146029078587,
				7134.0425958377737,
				3262.5742326239665,
				-1101.7473116141234,
				0.0,
				0.0,
				7580.1449439513217,
				3262.5742326239665,
				2157.0,
				0.0,
				0.0,
				-7580.1449439513217,
				0.0,
				-1101.7473116141234,
				0.0,
				2157.0,
				0.0,
				-3262.5742326239665,
				1101.7473116141234,
				0.0,
				0.0,
				0.0,
				2157.0
			],
			"source_node_id" : 0,
			"target_node_id" : 121,
			"transformation" : 
			[
				0.9022961538327201,
				0.049036836229242764,
				-0.42831885257516611,
				0.0,
				0.045985592397318774,
				0.97689481833420588,
				0.20871473164021426,
				0.0,
				0.42865717778960388,
				-0.20801899577780258,
				0.87919344931877597,
				0.0,
				-1.6309195607171516,
				-0.85277142071570278,
				2.4368989187363255,
				1.0
			],
			"uncertain" : true,
			"version_major" : 1,
			"version_minor" : 0
		},
		{
			"class_name" : "PoseGraphEdge",
			"confidence" : 0.94686592780660184,
			"information" : 
			[
				6027.5613740132776,
				10383.701119593286,
				1881.627493209257,
				0.0,
				-1175.4107654217694,
				3494.3392634706174,
				10383.701119593286,
				56675.07536996813,
				-13.911681374166358,
				1175.4107654217694,
				0.0,
				17240.196486311768,
				1881.627493209257,
				-13.911681374166358,
				58593.807207408645,
				-3494.3392634706174,
				-17240.196486311768,
				0.0,
				0.0,
				1175.4107654217694,
				-3494.3392634706174,
				5784.0,
				0.0,
				0.0,
				-1175.4107654217694,
				0.0,
				-17240.196486311768,
				0.0,
				5784.0,
				0.0,
				3494.3392634706174,
				17240.196486311768,
				0.0,
				0.0,
				0.0,
				5784.0
			],
			"source_node_id" : 0,
			"target_node_id" : 123,
			"transformation" : 
			[
				0.80963465904085652,
				-0.11407436386479522,
				0.57574191995080393,
				0.0,
				0.16184441196268326,
				0.98629163165727496,
				-0.032174580638810124,
				0.0,
				-0.56417914282278137,
				0.11923026810198945,
				0.81699818725140272,
				0.0,
				-2.0351166948375763,
				0.51640296938273078,
				-1.1321588635294251,
				1.0
			],
			"uncertain" : true,
			"version_major" : 1,
			"version_minor" : 0
		},
		{
			"class_name" : "PoseGraphEdge",
			"confidence" : 0.98548087184775524,
			"information" : 
			[
				17063.688302980885,
				173.720683645013,
				133.78956898799703,
				0.0,
				-9016.3436680228533,
				-981.05118976585129,
				173.720683645013,
				19110.169999547823,
				1848.5482756376975,
				9016.3436680228533,
				0.0,
				-674.15711474923398,
				133.78956898799703,
				1848.5482756376975,
				5963.1854018129952,
				981.05118976585129,
				674.15711474923398,
				0.0,
				0.0,
				9016.3436680228533,
				981.05118976585129,
				5761.0,
				0.0,
				0.0,
				-9016.3436680228533,
				0.0,
				674.15711474923398,
				0.0,
				5761.0,
				0.0,
				-981.05118976585129,
				-674.15711474923398,
				0.0,
				0.0,
				0.0,
				5761.0
			],
			"source_node_id" : 0,
			"target_node_id" : 124,
			"transformation" : 
			[
				0.94028228571922523,
				0.15114403933951964,
				-0.30499951235168077,
				0.0,
				-0.11732463808074575,
				0.98501309941638737,
				0.12642833257361299,
				0.0,
				0.31953740385415169,
				-0.083094364130522208,
				0.94392328829619021,
				0.0,
				-0.34572786394437593,
				0.096472273035334344,
				-0.0064770863469512108,
				1.0
			],
			"uncertain" : true,
			"version_major" : 1,
			"version_minor" : 0
		},
		{
			"class_name" : "PoseGraphEdge",
			"confidence" : 0.83077213838810415,
			"information" : 
			[
				6312.8395944231124,
				71.364653760537323,
				667.81711505078772,
				0.0,
				-3832.8335644507588,
				-250.65981370284774,
				71.364653760537323,
				7624.4360572979549,
				609.43056507396057,
				3832.8335644507588,
				0.0,
				1197.3036150742782,
				667.81711505078772,
				609.43056507396057,
				2152.3200418366737,
				250.65981370284774,
				-1197.3036150742782,
				0.0,
				0.0,
				3832.8335644507588,
				250.65981370284774,
				3027.0,
				0.0,
				0.0,
				-3832.8335644507588,
				0.0,
				-1197.3036150742782,
				0.0,
				3027.0,
				0.0,
				-250.65981370284774,
				1197.3036150742782,
				0.0,
				0.0,
				0.0,
				3027.0
			],
			"source_node_id" : 0,
			"target_node_id" : 125,
			"transformation" : 
			[
				0.68794153204049802,
				-0.10311706723876041,
				0.71840331217071285,
				0.0,
				0.25426776287013791,
				0.96136287093569406,
				-0.10549566413505015,
				0.0,
				-0.67976786718613602,
				0.25524165183284081,
				0.68758079227888236,
				0.0,
				0.80187935420069956,
				-0.044706804430277081,
				-0.09709967297784905,
				1.0
			],
			"uncertain" : true,
			"version_major" : 1,
			"version_minor" : 0
		},
		{
			"class_name" : "PoseGraphEdge",
			"confidence" : 1.0,
			"information" : 
			[
				16462.274188851978,
				-673.2155799585239,
				289.3802566167443,
				0.0,
				-8154.5261375611108,
				59.316666847152831,
				-673.2155799585239,
				18550.87265011654,
				1264.4453513094043,
				8154.5261375611108,
				0.0,
				-1539.9871910593363,
				289.3802566167443,
				1264.4453513094043,
				6645.1834915083682,
				-59.316666847152831,
				1539.9871910593363,
				0.0,
				0.0,
				8154.5261375611108,
				-59.316666847152831,
				6006.0,
				0.0,
				0.0,
				-8154.5261375611108,
				0.0,
				1539.9871910593363,
				0.0,
				6006.0,
				0.0,
				59.316666847152831,
				-1539.9871910593363,
				0.0,
				0.0,
				0.0,
				6006.0
			],
			"source_node_id" : 1,
			"target_node_id" : 2,
			"transformation" : 
			[
				0.74753338868719421,
				0.21368457400817936,
				-0.62891393340327728,
				0.0,
				-0.17349000309025817,
				0.97678492748962564,
				0.1256679125983676,
				0.0,
				0.64116694520661588,
				0.01516931969573718,
				0.76725148426991086,
				0.0,
				-0.43938515896943769,
				0.20295008943184292,
				-0.17794144438382514,
				1.0
			],
			"uncertain" : false,
			"version_major" : 1,
			"version_minor" : 0
		},
		{
			"class_name" : "PoseGraphEdge",
			"confidence" : 0.9375582732910418,
			"information" : 
			[
				15712.479347868573,
				568.43186989142885,
				-2139.1314418934035,
				0.0,
				-8610.7770568554115,
				-1707.3436433397292,
				568.43186989142885,
				16995.61322181534,
				2904.2565072550433,
				8610.7770568554115,
				0.0,
				-1003.7086509130096,
				-2139.1314418934035,
				2904.2565072550433,
				5261.4205385038549,
				1707.3436433397292,
				1003.7086509130096,
				0.0,
				0.0,
				8610.7770568554115,
				1707.3436433397292,
				5727.0,
				0.0,
				0.0,
				-8610.7770568554115,
				0.0,
				1003.7086509130096,
				0.0,
				5727.0,
				0.0,
				-1707.3436433397292,
				-1003.7086509130096,
				0.0,
				0.0,
				0.0,
				5727.0
			],
			"source_node_id" : 1,
			"target_node_id" : 3,
			"transformation" : 
			[
				0.90786413142750244,
				-0.27495305584681878,
				0.31651782879939505,
				0.0,
				0.2144693577388429,
				0.95324405155081715,
				0.212905314104819,
				0.0,
				-0.36025770423195025,
				-0.12540572261057203,
				0.92438508819541543,
				0.0,
				0.84696423579599656,
				-0.038884317820039982,
				-0.016076754048762965,
				1.0
			],
			"uncertain" : true,
			"version_major" : 1,
			"version_minor" : 0
		},
		{
			"class_name" : "PoseGraphEdge",
			"confidence" : 0.9813994575985534,
			"information" : 
			[
				17115.102423422341,
				377.82221351782817,
				-657.56819961015219,
				0.0,
				-9728.1185417274137,
				-926.42015662021674,
				377.82221351782817,
				19209.419736813627,
				1701.704994332832,
				9728.1185417274137,
				0.0,
				-397.98144210189355,
				-657.56819961015219,
				1701.704994332832,
				6220.1980180793771,
				926.42015662021674,
				397.98144210189355,
				0.0,
				0.0,
				9728.1185417274137,
				926.42015662021674,
				6594.0,
				0.0,
				0.0,
				-9728.1185417274137,
				0.0,
				397.98144210189355,
				0.0,
				6594.0,
				0.0,
				-926.42015662021674,
				-397.98144210189355,
				0.0,
				0.0,
				0.0,
				6594.0
			],
			"source_node_id" : 1,
			"target_node_id" : 4,
			"transformation" : 
			[
				0.99009293011955402,
				-0.12156400160910334,
				0.070272208162680094,
				0.0,
				0.11214513931431147,
				0.9857695695696207,
				0.12522708747990588,
				0.0,
				-0.084495310257142478,
				-0.11610576739898966,
				0.98963629345393422,
				0.0,
				0.25155135648063442,
				0.1686777821079419,
				-0.16796710787805158,
				1.0
			],
			"uncertain" : true,
			"version_major" : 1,
			"version_minor" : 0
		},
		{
			"class_name" : "PoseGraphEdge",
			"confidence" : 0.8789142535454223,
			"information" : 
			[
				18185.419137435671,
				-1626.7640027199332,
				6240.2421227550367,
				0.0,
				-9353.5491529637438,
				-2470.889920502394,
				-1626.7640027199332,
				21902.776442510247,
				4084.9332639159966,
				9353.5491529637438,
				0.0,
				3906.7944602499169,
				6240.2421227550367,
				4084.9332639159966,
				9607.1929264143309,
				2470.889920502394,
				-3906.7944602499169,
				0.0,
				0.0,
				9353.5491529637438,
				2470.889920502394,
				5986.0,
				0.0,
				0.0,
				-9353.5491529637438,
				0.0,
				-3906.7944602499169,
				0.0,
				5986.0,
				0.0,
				-2470.889920502394,
				3906.7944602499169,
				0.0,
				0.0,
				0.0,
				5986.0
			],
			"source_node_id" : 1,
			"target_node_id" : 5,
			"transformation" : 
			[
				0.99898968001173039,
				-0.038940768974866757,
				-0.022432916477933714,
				0.0,
				0.042203117532611689,
				0.98445026093028332,
				0.17051856387157643,
				0.0,
				0.015443966478480342,
				-0.17129302456884332,
				0.98509907300406574,
				0.0,
				-0.62600267648004804,
				0.003698250762171118,
				-0.032845365693608297,
				1.0
			],
			"uncertain" : true,
			"version_major" : 1,
			"version_minor" : 0
		},
		{
			"class_name" : "PoseGraphEdge",
			"confidence" : 0.77192111997759427,
			"information" : 
			[
				25108.729183721833,
				1724.8446846253435,
				7135.6754296714735,
				0.0,
				-11337.168574636707,
				2535.7606967044885,
				1724.8446846253435,
				29320.807050738149,
				-4114.8244029427005,
				11337.168574636707,
				0.0,
				3473.8115865750628,
				7135.6754296714735,
				-4114.8244029427005,
				9563.1384266213099,
				-2535.7606967044885,
				-3473.8115865750628,
				0.0,
				0.0,
				11337.168574636707,
				-2535.7606967044885,
				6095.0,
				0.0,
				0.0,
				-11337.168574636707,
				0.0,
				-3473.8115865750628,
				0.0,
				6095.0,
				0.0,
				2535.7606967044885,
				3473.8115865750628,
				0.0,
				0.0,
				0.0,
				6095.0
			],
			"source_node_id" : 1,
			"target_node_id" : 6,
			"transformation" : 
			[
				0.91131574106882551,
				-0.0003915767293828365,
				-0.41170798722862079,
				0.0,
				-0.094637760155757117,
				0.97302258214274651,
				-0.21040615245986391,
				0.0,
				0.40068355897500785,
				0.23070956050395308,
				0.88669373757752135,
				0.0,
				-1.0150748429392948,
				0.15637935725896468,
				0.45081762511409162,
				1.0
			],
			"uncertain" : true,
			"version_major" : 1,
			"version_minor" : 0
		},
		{
			"class_name" : "PoseGraphEdge",
			"confidence" : 0.94945870335238058,
			"information" : 
			[
				25344.603080646597,
				-262.73537778945428,
				5271.5685601412206,
				0.0,
				-11793.380042284794,
				-1270.6486770082465,
				-262.73537778945428,
				27721.167218607556,
				2759.4149515755548,
				11793.380042284794,
				0.0,
				2355.8790959079561,
				5271.5685601412206,
				2759.4149515755548,
				6826.3335592574813,
				1270.6486770082465,
				-2355.8790959079561,
				0.0,
				0.0,
				11793.380042284794,
				1270.6486770082465,
				6272.0,
				0.0,
				0.0,
				-11793.380042284794,
				0.0,
				-2355.8790959079561,
				0.0,
				6272.0,
				0.0,
				-1270.6486770082465,
				2355.8790959079561,
				0.0,
				0.0,
				0.0,
				6272.0
			],
			"source_node_id" : 1,
			"target_node_id" : 7,
			"transformation" : 
			[
				0.96330840781174853,
				-0.049949247025667276,
				-0.26370814200695858,
				0.0,
				0.072219367296646131,
				0.99453184467679256,
				0.075437211713112684,
				0.0,
				0.25849811300368425,
				-0.091714135471833103,
				0.96164819083082009,
				0.0,
				-0.75426777089638075,
				0.081077912952002951,
				0.30430287220057073,
				1.0
			],
			"uncertain" : true,
			"version_major" : 1,
			"version_minor" : 0
		},
		{
			"class_name" : "PoseGraphEdge",
			"confidence" : 0.87184698417153028,
			"information" : 
			[
				8257.2007191768935,
				272.76769838608004,
				2218.7556617738883,
				0.0,
				-4915.1347660501942,
				566.76549844685223,
				272.76769838608004,
				9142.5111817461366,
				-476.00020609325782,
				4915.1347660501942,
				0.0,
				1907.8962708524598,
				2218.7556617738883,
				-476.00020609325782,
				3332.850330593968,
				-566.76549844685223,
				-1907.8962708524598,
				0.0,
				0.0,
				4915.1347660501942,
				-566.76549844685223,
				3719.0,
				0.0,
				0.0,
				-4915.1347660501942,
				0.0,
				-1907.8962708524598,
				0.0,
				3719.0,
				0.0,
				566.76549844685223,
				1907.8962708524598,
				0.0,
				0.0,
				0.0,
				3719.0
			],
			"source_node_id" : 1,
			"target_node_id" : 8,
			"transformation" : 
			[
				0.8080930952292491,
				-0.3082930447355684,
				0.50193719528491276,
				0.0,
				0.28402571427229328,
				0.95043565578941791,
				0.12649686887924291,
				0.0,
				-0.51605711222201478,
				0.040341824101192872,
				0.85560364313931192,
				0.0,
				0.010853709425515057,
				0.35203335985068085,
				-0.29558038850927382,
				1.0
			],
			"uncertain" : true,
			"version_major" : 1,
			"version_minor" : 0
		},
		{
			"class_name" : "PoseGraphEdge",
			"confidence" : 0.60417248540002788,
			"information" : 
			[
				15882.684447637082,
				-1196.1604595110934,
				7984.519212449889,
				0.0,
				-8326.2554105445724,
				-1509.9470737918255,
				-1196.1604595110934,
				21002.233708459793,
				2545.9897994143635,
				8326.2554105445724,
				0.0,
				4854.8927548651154,
				7984.519212449889,
				2545.9897994143635,
				8933.2777194322662,
				1509.9470737918255,
				-4854.8927548651154,
				0.0,
				0.0,
				8326.2554105445724,
				1509.9470737918255,
				5150.0,
				0.0,
				0.0,
				-8326.2554105445724,
				0.0,
				-4854.8927548651154,
				0.0,
				5150.0,
				0.0,
				-1509.9470737918255,
				4854.8927548651154,
				0.0,
				0.0,
				0.0,
				5150.0
			],
			"source_node_id" : 1,
			"target_node_id" : 9,
			"transformation" : 
			[
